%YAML:1.0
calibration_time: "Mon Mar 10 12:49:17 2014"
nframes: 5
image_width: 640
image_height: 480
board_width: 9
board_height: 6
square_size: 1.
aspectRatio: 1.
# flags: +fix_aspectRatio+fix_principal_point+zero_tangent_dist
flags: 14
camera_matrix: !!opencv-matrix
   rows: 3
   cols: 3
   dt: d
   data: [ 6.4202196088349308e+02, 0., 3.1950000000000000e+02, 0.,
       6.4202196088349308e+02, 2.3950000000000000e+02, 0., 0., 1. ]
distortion_coefficients: !!opencv-matrix
   rows: 5
   cols: 1
   dt: d
   data: [ 2.3127363472312865e-01, -1.2081711876346184e+00, 0., 0.,
       2.5696422334377309e+00 ]
avg_reprojection_error: 7.4191070191551389e-01
per_view_reprojection_errors: !!opencv-matrix
   rows: 5
   cols: 1
   dt: f
   data: [ 8.15022767e-01, 8.02810848e-01, 7.12802172e-01,
       6.76331580e-01, 6.91287696e-01 ]
# a set of 6-tuples (rotation vector + translation vector) for each view
extrinsic_parameters: !!opencv-matrix
   rows: 5
   cols: 6
   dt: d
   data: [ -2.5824247768524511e-01, -4.6121767329140501e-02,
       1.0484637927445549e-01, -1.1436667991206353e+00,
       -1.8063367299271318e+00, 1.7347866264412819e+01,
       -2.6431392199529696e-01, -6.8993041786610212e-02,
       8.1580236350268551e-02, -1.0369083927713398e+00,
       -1.8212755963376726e+00, 1.7143341690512223e+01,
       -2.2055530441681312e-01, -5.1826652002561265e-02,
       5.9303742679345781e-02, -1.0824644985331937e+00,
       -1.8382540793031907e+00, 1.7099486780121229e+01,
       -1.1075844116642178e-01, -2.5021534299050262e-02,
       4.9254197468519445e-02, -1.0540196199238809e+00,
       -1.8462727160253340e+00, 1.6948048043060790e+01,
       1.9820139516161774e-02, 9.7906350504740489e-02,
       4.5077462682359216e-02, -2.1543420115613814e+00,
       -1.4377939435665379e+00, 1.7416658666100094e+01 ]
